shape_id,shape_pt_lon,shape_pt_lat,shape_pt_sequence,shape_dist_traveled
116466,-122.509075,37.760036,1,0
116466,-122.508994,37.760054,2,7
116466,-122.50888,37.760143,3,21
116466,-122.508823,37.760179,4,27
116466,-122.508754,37.760233,5,36
116466,-122.508697,37.760268,6,42
116466,-122.508662,37.760277,7,45
116466,-122.508582,37.760295,8,52
116466,-122.508124,37.760304,9,92
116466,-122.508066,37.760331,10,98
116466,-122.506989,37.760376,11,193
116466,-122.505924,37.76043,12,287
116466,-122.504846,37.760475,13,382
116466,-122.503781,37.760521,14,476
116466,-122.502704,37.760566,15,571
116466,-122.501638,37.76062,16,665
116466,-122.500561,37.760665,17,760
116466,-122.499495,37.76071,18,854
116466,-122.498418,37.760755,19,949
116466,-122.497352,37.760809,20,1043
116466,-122.496275,37.760854,21,1138
116466,-122.495748,37.760881,22,1184
116466,-122.49521,37.760899,23,1231
116466,-122.494682,37.760926,24,1278
116466,-122.494132,37.760944,25,1326
116466,-122.493067,37.760998,26,1420
116466,-122.49199,37.761043,27,1515
116466,-122.490912,37.761088,28,1610
116466,-122.489847,37.761133,29,1704
116466,-122.48877,37.761187,30,1799
116466,-122.487704,37.761232,31,1893
116466,-122.486638,37.761277,32,1987
116466,-122.485561,37.761322,33,2082
116466,-122.484495,37.761375,34,2176
116466,-122.483418,37.76142,35,2271
116466,-122.482341,37.761465,36,2366
116466,-122.481275,37.761519,37,2460
116466,-122.480198,37.761564,38,2555
116466,-122.479132,37.761609,39,2649
116466,-122.478055,37.761654,40,2744
116466,-122.477001,37.761699,41,2837
116466,-122.475912,37.761752,42,2933
116466,-122.474847,37.761797,43,3027
116466,-122.473781,37.761842,44,3121
116466,-122.472658,37.761896,45,3220
116466,-122.471535,37.761941,46,3319
116466,-122.470458,37.761994,47,3414
116466,-122.469381,37.762039,48,3509
116466,-122.468315,37.762084,49,3603
116466,-122.467249,37.762129,50,3697
116466,-122.466172,37.762174,51,3792
116466,-122.46631,37.764038,52,4000
116466,-122.465244,37.764083,53,4094
116466,-122.464167,37.764137,54,4189
116466,-122.463101,37.764182,55,4283
116466,-122.462024,37.764226,56,4378
116466,-122.460947,37.764271,57,4473
116466,-122.459881,37.764325,58,4567
116466,-122.458804,37.764369,59,4662
116466,-122.457818,37.764414,60,4749
116466,-122.457692,37.764557,61,4768
116466,-122.457715,37.764816,62,4797
116466,-122.456753,37.764932,63,4883
116466,-122.454403,37.765235,64,5093
116466,-122.452753,37.765449,65,5240
116466,-122.451401,37.765619,66,5360
116466,-122.449957,37.765806,67,5489
116466,-122.449636,37.765842,68,5518
116466,-122.449499,37.765887,69,5531
116466,-122.449361,37.765985,70,5547
116466,-122.449029,37.766297,71,5592
116466,-122.448834,37.766386,72,5612
116466,-122.448662,37.766431,73,5628
116466,-122.4346,37.769268,74,6905
116466,-122.433385,37.769321,75,7012
116466,-122.433156,37.769258,76,7033
116466,-122.433007,37.769214,77,7047
116466,-122.432468,37.769249,78,7095
116466,-122.431574,37.769312,79,7174
116466,-122.431368,37.769321,80,7192
116466,-122.430256,37.769392,81,7290
116466,-122.429912,37.76941,82,7320
116466,-122.429133,37.769463,83,7389
116466,-122.428996,37.769401,84,7403
116466,-122.426692,37.769534,85,7606
116466,-122.426314,37.769605,86,7640
116466,-122.424858,37.770738,87,7820
116466,-122.423987,37.771425,88,7928
116466,-122.42362,37.771711,89,7973
116466,-122.422622,37.772496,90,8097
116466,-122.422175,37.772852,91,8153
116466,-122.421946,37.773031,92,8181
116466,-122.421293,37.773548,93,8262
116466,-122.421017,37.773771,94,8297
116466,-122.420708,37.774003,95,8334
116466,-122.420261,37.774351,96,8389
116466,-122.419263,37.775145,97,8514
116466,-122.41869,37.775582,98,8584
116466,-122.417509,37.776536,99,8733
116466,-122.416294,37.777491,100,8884
116466,-122.415927,37.777785,101,8930
116466,-122.414746,37.778713,102,9077
116466,-122.412521,37.78047,103,9354
116466,-122.411982,37.780898,104,9421
116466,-122.411627,37.781183,105,9466
116466,-122.410297,37.782227,106,9631
116466,-122.408955,37.783279,107,9797
116466,-122.408072,37.783984,108,9907
116466,-122.405836,37.785741,109,10184
116466,-122.404586,37.786722,110,10339
116466,-122.403439,37.787632,111,10482
116466,-122.402911,37.788078,112,10550
116466,-122.402074,37.788711,113,10652
116466,-122.401386,37.789255,114,10738
116466,-122.400067,37.790298,115,10902
116466,-122.399482,37.790735,116,10973
116466,-122.399149,37.791012,117,11016
116466,-122.398266,37.791707,118,11126
116466,-122.397394,37.792403,119,11235
116466,-122.396511,37.793089,120,11344
116466,-122.396305,37.79325,121,11369
116466,-122.395628,37.793776,122,11453
116466,-122.394756,37.794472,123,11562
116466,-122.393885,37.794213,124,11644
116466,-122.393003,37.793677,125,11742
116466,-122.392418,37.793266,126,11811
116466,-122.391708,37.792846,127,11889
116466,-122.3911,37.792427,128,11960
116466,-122.390963,37.792248,129,11983
116466,-122.390837,37.792025,130,12010
116466,-122.390723,37.791588,131,12060
116466,-122.390494,37.791284,132,12099
116466,-122.390333,37.791088,133,12125
116466,-122.390013,37.79082,134,12166
116466,-122.388489,37.78957,135,12359
116466,-122.388374,37.789454,136,12375
116466,-122.38826,37.789294,137,12395
116466,-122.388123,37.789008,138,12429
116466,-122.387951,37.788473,139,12490
116466,-122.387894,37.788249,140,12515
116466,-122.387825,37.78791,141,12553
116466,-122.387872,37.787098,142,12643
116466,-122.388034,37.78477,143,12903
116466,-122.38815,37.783226,144,13075
116466,-122.388312,37.78179,145,13235
116466,-122.388312,37.781486,146,13269
116466,-122.388358,37.781237,147,13297
116466,-122.388404,37.78104,148,13319
116466,-122.388485,37.78088,149,13338
116466,-122.388599,37.780692,150,13361
116466,-122.388875,37.780389,151,13403
116466,-122.389597,37.779854,152,13490
116466,-122.391845,37.778124,153,13766
116466,-122.394036,37.776323,154,14044
116466,-122.394689,37.775806,155,14125
116466,-122.39626,37.774575,156,14320
116466,-122.396857,37.774129,157,14392
116466,-122.397614,37.773425,158,14495
116451,-122.429133,37.769463,1,0
116451,-122.429912,37.76941,2,69
116451,-122.430256,37.769392,3,99
116451,-122.431368,37.769321,4,197
116451,-122.431574,37.769312,5,215
116451,-122.432468,37.769249,6,294
116451,-122.433007,37.769214,7,342
116451,-122.433156,37.769258,8,356
116451,-122.433385,37.769321,9,377
116451,-122.4346,37.769268,10,484
116451,-122.448662,37.766431,11,1761
116451,-122.448834,37.766386,12,1777
116451,-122.449029,37.766297,13,1797
116451,-122.449361,37.765985,14,1842
116451,-122.449499,37.765887,15,1858
116451,-122.449636,37.765842,16,1871
116451,-122.449957,37.765806,17,1900
116451,-122.451401,37.765619,18,2029
116451,-122.452753,37.765449,19,2149
116451,-122.454403,37.765235,20,2296
116451,-122.456753,37.764932,21,2506
116451,-122.457715,37.764816,22,2592
116451,-122.457692,37.764557,23,2621
116451,-122.457818,37.764414,24,2640
116451,-122.458804,37.764369,25,2727
116451,-122.459881,37.764325,26,2822
116451,-122.460947,37.764271,27,2916
116451,-122.462024,37.764226,28,3011
116451,-122.463101,37.764182,29,3106
116451,-122.464167,37.764137,30,3200
116451,-122.465244,37.764083,31,3295
116451,-122.46631,37.764038,32,3389
116451,-122.466172,37.762174,33,3597
116451,-122.467249,37.762129,34,3692
116451,-122.468315,37.762084,35,3786
116451,-122.469381,37.762039,36,3880
116451,-122.470458,37.761994,37,3975
116451,-122.471535,37.761941,38,4070
116451,-122.472658,37.761896,39,4169
116451,-122.473781,37.761842,40,4268
116451,-122.474847,37.761797,41,4362
116451,-122.475912,37.761752,42,4456
116451,-122.477001,37.761699,43,4552
116451,-122.478055,37.761654,44,4645
116451,-122.479132,37.761609,45,4740
116451,-122.480198,37.761564,46,4834
116451,-122.481275,37.761519,47,4929
116451,-122.482341,37.761465,48,5023
116451,-122.483418,37.76142,49,5118
116451,-122.484495,37.761375,50,5213
116451,-122.485561,37.761322,51,5307
116451,-122.486638,37.761277,52,5402
116451,-122.487704,37.761232,53,5496
116451,-122.48877,37.761187,54,5590
116451,-122.489847,37.761133,55,5685
116451,-122.490912,37.761088,56,5779
116451,-122.49199,37.761043,57,5874
116451,-122.493067,37.760998,58,5969
116451,-122.494132,37.760944,59,6063
116451,-122.494682,37.760926,60,6111
116451,-122.49521,37.760899,61,6158
116451,-122.495748,37.760881,62,6205
116451,-122.496275,37.760854,63,6251
116451,-122.497352,37.760809,64,6346
116451,-122.498418,37.760755,65,6440
116451,-122.499495,37.76071,66,6535
116451,-122.500561,37.760665,67,6629
116451,-122.501638,37.76062,68,6724
116451,-122.502704,37.760566,69,6818
116451,-122.503781,37.760521,70,6913
116451,-122.504846,37.760475,71,7007
116451,-122.505924,37.76043,72,7102
116451,-122.506989,37.760376,73,7196
116451,-122.508066,37.760331,74,7291
116451,-122.508135,37.760358,75,7298
116451,-122.508525,37.760349,76,7332
116451,-122.509098,37.760331,77,7382
116451,-122.509178,37.760322,78,7389
116451,-122.509247,37.760286,79,7396
116451,-122.509281,37.760232,80,7403
116451,-122.509292,37.760179,81,7409
116451,-122.509269,37.760116,82,7416
116451,-122.509246,37.76009,83,7420
116451,-122.509212,37.760063,84,7424
116451,-122.509166,37.760045,85,7429
116041,-122.397014,37.795418,1,0
116041,-122.396773,37.795463,2,22
116041,-122.39659,37.79458,3,122
116041,-122.397806,37.794428,4,230
